Genepop 4.7.0, Genotypic differentiation (exact G test)

File: Kodiak_NucmtDNA_GP.txt (Genepop Input                                                                                                      )

Number of populations detected : 32
Number of loci detected        : 102

Markov chain parameters
	Dememorisation       : 10000
	Batches              : 100
	Iterations per batch : 5000


Locus: agt_132
=================================
Pop       Genotypes:
          ------------------------------------------------------------------------------------------------------------------------------------------------------------------------------------------------------------------------------------------------
          1    1    2    
          1    2    2      Total

FBM1_095  10   41   37      88
FBM2_095  12   40   41      93
FBM3_095  8    42   41      91
FBM4_095  27   42   24      93
FOM1_095  8    46   37      91
FTM2_095  15   26   47      88
FTM3_093  10   44   37      91
FTM4_078  4    32   41      77
FTM5_095  8    42   44      94
FTM6_095  20   46   29      95
KBL1_096  24   49   22      95
KBL2_097  26   45   25      96
KBL4_096  21   44   30      95
KBL5_096  20   56   19      95
KOL1_062  20   25   16      61
KTE1_096  13   45   31      89
KTE2_096  25   31   34      90
KTE4_066  11   31   23      65
KTE5_096  17   42   35      94
KTE6_096  18   39   35      92
KTE7_096  21   54   20      95
KTE8_096  22   47   22      91
KTE9_064  14   25   22      61
KTL1_095  19   36   21      76
KTL2_095  19   42   32      93
RBL1_095  9    34   52      95
RBL2_095  10   44   41      95
RBL3_095  11   37   47      95
RBL4_095  11   32   51      94
RTE1_095  4    38   53      95
RTE2_095  5    39   50      94
RUL1_096  8    23   64      95

Total:    470  1259 1123    2852

P-value = 0    S.E. = 0 (419987 switches)

Locus: aldB_152
=================================
Pop       Genotypes:
          ------------------------------------------------------------------------------------------------------------------------------------------------------------------------------------------------------------------------------------------------
          1    1    2    
          1    2    2      Total

FBM1_095  82   12   1       95
FBM2_095  81   10   2       93
FBM3_095  78   16   0       94
FBM4_095  89   6    0       95
FOM1_095  78   12   1       91
FTM2_095  76   13   0       89
FTM3_093  80   13   0       93
FTM4_078  70   8    0       78
FTM5_095  87   7    0       94
FTM6_095  85   10   0       95
KBL1_096  31   50   11      92
KBL2_097  35   51   7       93
KBL4_096  42   41   13      96
KBL5_096  39   41   15      95
KOL1_062  15   37   10      62
KTE1_096  33   45   11      89
KTE2_096  39   43   10      92
KTE4_066  31   28   7       66
KTE5_096  39   39   12      90
KTE6_096  42   42   7       91
KTE7_096  43   40   9       92
KTE8_096  41   43   9       93
KTE9_064  30   22   10      62
KTL1_095  31   42   6       79
KTL2_095  36   44   12      92
RBL1_095  80   15   0       95
RBL2_095  73   19   3       95
RBL3_095  78   16   1       95
RBL4_095  79   15   0       94
RTE1_095  92   3    0       95
RTE2_095  93   2    0       95
RUL1_096  49   40   6       95

Total:    1877 825  163     2865

P-value = 0    S.E. = 0 (389729 switches)

Locus: apoe_83
=================================
Pop       Genotypes:
          ------------------------------------------------------------------------------------------------------------------------------------------------------------------------------------------------------------------------------------------------
          1    1    2    
          1    2    2      Total

FBM1_095  9    36   45      90
FBM2_095  14   38   39      91
FBM3_095  15   40   36      91
FBM4_095  19   39   27      85
FOM1_095  14   32   43      89
FTM2_095  7    41   40      88
FTM3_093  9    47   36      92
FTM4_078  4    28   46      78
FTM5_095  13   35   45      93
FTM6_095  6    37   49      92
KBL1_096  3    21   70      94
KBL2_097  2    31   62      95
KBL4_096  1    28   67      96
KBL5_096  3    24   67      94
KOL1_062  3    16   43      62
KTE1_096  6    26   54      86
KTE2_096  8    31   51      90
KTE4_066  2    21   43      66
KTE5_096  3    39   50      92
KTE6_096  5    32   57      94
KTE7_096  4    30   58      92
KTE8_096  6    35   53      94
KTE9_064  5    21   33      59
KTL1_095  3    27   51      81
KTL2_095  4    24   66      94
RBL1_095  14   45   36      95
RBL2_095  10   39   44      93
RBL3_095  11   41   42      94
RBL4_095  8    39   46      93
RTE1_095  8    34   53      95
RTE2_095  7    36   51      94
RUL1_096  1    24   71      96

Total:    227  1037 1574    2838

P-value = 0    S.E. = 0 (402544 switches)

Locus: c3_98
=================================
Pop       Genotypes:
          ------------------------------------------------------------------------------------------------------------------------------------------------------------------------------------------------------------------------------------------------
          1    1    2    
          1    2    2      Total

FBM1_095  0    5    89      94
FBM2_095  0    2    92      94
FBM3_095  0    6    87      93
FBM4_095  0    2    88      90
FOM1_095  0    4    88      92
FTM2_095  1    1    89      91
FTM3_093  0    6    87      93
FTM4_078  0    3    75      78
FTM5_095  0    5    89      94
FTM6_095  0    3    92      95
KBL1_096  0    7    89      96
KBL2_097  0    8    88      96
KBL4_096  0    11   85      96
KBL5_096  0    4    90      94
KOL1_062  0    6    56      62
KTE1_096  0    9    80      89
KTE2_096  0    16   79      95
KTE4_066  0    7    59      66
KTE5_096  0    8    84      92
KTE6_096  0    17   76      93
KTE7_096  0    15   81      96
KTE8_096  0    10   85      95
KTE9_064  0    8    54      62
KTL1_095  0    4    76      80
KTL2_095  0    6    88      94
RBL1_095  0    7    88      95
RBL2_095  0    8    86      94
RBL3_095  0    4    91      95
RBL4_095  0    4    90      94
RTE1_095  0    4    91      95
RTE2_095  0    3    92      95
RUL1_096  0    12   84      96

Total:    1    215  2668    2884

P-value = 1.2e-005    S.E. = 1.2e-005 (138396 switches)

Locus: CD9_269
=================================
Pop       Genotypes:
          ------------------------------------------------------------------------------------------------------------------------------------------------------------------------------------------------------------------------------------------------
          1    1    2    
          1    2    2      Total

FBM1_095  45   32   10      87
FBM2_095  45   40   9       94
FBM3_095  45   40   7       92
FBM4_095  52   32   4       88
FOM1_095  42   41   8       91
FTM2_095  46   38   6       90
FTM3_093  45   39   9       93
FTM4_078  42   26   7       75
FTM5_095  50   35   8       93
FTM6_095  51   40   4       95
KBL1_096  35   47   13      95
KBL2_097  43   43   10      96
KBL4_096  36   46   14      96
KBL5_096  46   37   12      95
KOL1_062  27   24   11      62
KTE1_096  29   42   18      89
KTE2_096  41   35   17      93
KTE4_066  24   31   11      66
KTE5_096  42   35   14      91
KTE6_096  30   47   12      89
KTE7_096  35   46   13      94
KTE8_096  34   45   14      93
KTE9_064  25   26   11      62
KTL1_095  30   36   14      80
KTL2_095  49   35   8       92
RBL1_095  45   44   6       95
RBL2_095  54   35   5       94
RBL3_095  52   40   3       95
RBL4_095  46   36   11      93
RTE1_095  52   41   2       95
RTE2_095  48   39   5       92
RUL1_096  50   32   10      92

Total:    1336 1205 306     2847

P-value = 0    S.E. = 0 (410899 switches)

Locus: cetn1_167
=================================
Pop       Genotypes:
          ------------------------------------------------------------------------------------------------------------------------------------------------------------------------------------------------------------------------------------------------
          1    1    2    
          1    2    2      Total

FBM1_095  13   45   33      91
FBM2_095  10   37   47      94
FBM3_095  14   51   28      93
FBM4_095  9    42   42      93
FOM1_095  12   40   40      92
FTM2_095  15   44   31      90
FTM3_093  15   43   34      92
FTM4_078  11   28   37      76
FTM5_095  21   42   30      93
FTM6_095  11   42   42      95
KBL1_096  9    55   32      96
KBL2_097  24   46   23      93
KBL4_096  19   42   34      95
KBL5_096  20   46   28      94
KOL1_062  16   31   13      60
KTE1_096  13   43   29      85
KTE2_096  21   43   30      94
KTE4_066  12   34   20      66
KTE5_096  15   38   37      90
KTE6_096  20   48   24      92
KTE7_096  26   43   26      95
KTE8_096  18   40   37      95
KTE9_064  13   30   20      63
KTL1_095  14   43   24      81
KTL2_095  20   51   23      94
RBL1_095  13   50   32      95
RBL2_095  16   40   36      92
RBL3_095  19   47   29      95
RBL4_095  15   37   42      94
RTE1_095  6    49   40      95
RTE2_095  13   36   45      94
RUL1_096  39   38   14      91

Total:    512  1344 1002    2858

P-value = 0    S.E. = 0 (421153 switches)

Locus: CFP1
=================================
Pop       Genotypes:
          ------------------------------------------------------------------------------------------------------------------------------------------------------------------------------------------------------------------------------------------------
          1    1    2    
          1    2    2      Total

FBM1_095  61   23   3       87
FBM2_095  63   28   3       94
FBM3_095  54   34   4       92
FBM4_095  63   20   1       84
FOM1_095  58   33   0       91
FTM2_095  62   24   3       89
FTM3_093  65   24   4       93
FTM4_078  57   20   1       78
FTM5_095  60   30   3       93
FTM6_095  69   23   3       95
KBL1_096  82   13   0       95
KBL2_097  85   7    3       95
KBL4_096  80   16   0       96
KBL5_096  84   11   0       95
KOL1_062  51   10   1       62
KTE1_096  74   13   0       87
KTE2_096  77   16   1       94
KTE4_066  57   8    0       65
KTE5_096  79   15   0       94
KTE6_096  83   11   1       95
KTE7_096  80   12   0       92
KTE8_096  77   17   0       94
KTE9_064  46   16   1       63
KTL1_095  60   20   1       81
KTL2_095  79   12   3       94
RBL1_095  67   24   4       95
RBL2_095  65   25   4       94
RBL3_095  55   39   1       95
RBL4_095  64   27   4       95
RTE1_095  66   24   5       95
RTE2_095  51   39   4       94
RUL1_096  74   18   2       94

Total:    2148 652  60      2860

P-value = 0    S.E. = 0 (337600 switches)

Locus: cin_177
=================================
Pop       Genotypes:
          ------------------------------------------------------------------------------------------------------------------------------------------------------------------------------------------------------------------------------------------------
          1    1    2    
          1    2    2      Total

FBM1_095  14   45   36      95
FBM2_095  11   43   40      94
FBM3_095  14   41   38      93
FBM4_095  9    47   38      94
FOM1_095  11   47   32      90
FTM2_095  15   42   32      89
FTM3_093  6    44   42      92
FTM4_078  11   43   23      77
FTM5_095  11   45   36      92
FTM6_095  10   43   40      93
KBL1_096  13   41   42      96
KBL2_097  14   38   44      96
KBL4_096  13   38   45      96
KBL5_096  15   41   39      95
KOL1_062  10   21   24      55
KTE1_096  16   37   34      87
KTE2_096  14   34   43      91
KTE4_066  7    33   26      66
KTE5_096  12   37   35      84
KTE6_096  9    42   40      91
KTE7_096  13   55   28      96
KTE8_096  20   44   30      94
KTE9_064  9    24   28      61
KTL1_095  10   35   35      80
KTL2_095  13   35   44      92
RBL1_095  11   43   41      95
RBL2_095  10   54   30      94
RBL3_095  9    40   46      95
RBL4_095  12   40   43      95
RTE1_095  10   43   42      95
RTE2_095  12   57   25      94
RUL1_096  22   42   29      93

Total:    386  1314 1150    2850

P-value = 0.232868    S.E. = 0.0146706 (416675 switches)

Locus: ctgf_301
=================================
Pop       Genotypes:
          ------------------------------------------------------------------------------------------------------------------------------------------------------------------------------------------------------------------------------------------------
          1    1    2    
          1    2    2      Total

FBM1_095  95   0    0       95
FBM2_095  93   1    0       94
FBM3_095  94   0    0       94
FBM4_095  95   0    0       95
FOM1_095  91   1    0       92
FTM2_095  89   2    0       91
FTM3_093  91   1    0       92
FTM4_078  77   1    0       78
FTM5_095  94   0    0       94
FTM6_095  95   0    0       95
KBL1_096  91   4    0       95
KBL2_097  94   1    0       95
KBL4_096  93   3    0       96
KBL5_096  92   3    0       95
KOL1_062  55   1    0       56
KTE1_096  85   6    0       91
KTE2_096  90   4    0       94
KTE4_066  65   1    0       66
KTE5_096  93   1    0       94
KTE6_096  90   3    1       94
KTE7_096  94   1    0       95
KTE8_096  93   3    0       96
KTE9_064  61   2    0       63
KTL1_095  88   7    0       95
KTL2_095  92   2    0       94
RBL1_095  95   0    0       95
RBL2_095  93   1    0       94
RBL3_095  93   2    0       95
RBL4_095  92   1    0       93
RTE1_095  95   0    0       95
RTE2_095  94   1    0       95
RUL1_096  93   1    0       94

Total:    2845 54   1       2900

P-value = 0.016328    S.E. = 0.00198846 (104272 switches)

Locus: E2
=================================
Pop       Genotypes:
          ------------------------------------------------------------------------------------------------------------------------------------------------------------------------------------------------------------------------------------------------
          1    1    2    
          1    2    2      Total

FBM1_095  58   30   1       89
FBM2_095  64   24   6       94
FBM3_095  59   29   2       90
FBM4_095  60   21   1       82
FOM1_095  60   22   6       88
FTM2_095  54   26   5       85
FTM3_093  59   30   3       92
FTM4_078  46   28   3       77
FTM5_095  54   37   2       93
FTM6_095  63   27   3       93
KBL1_096  39   45   9       93
KBL2_097  48   30   16      94
KBL4_096  42   46   8       96
KBL5_096  46   38   11      95
KOL1_062  37   14   5       56
KTE1_096  59   22   4       85
KTE2_096  66   22   4       92
KTE4_066  34   31   1       66
KTE5_096  59   28   6       93
KTE6_096  54   30   8       92
KTE7_096  63   30   1       94
KTE8_096  60   30   3       93
KTE9_064  38   22   2       62
KTL1_095  47   42   6       95
KTL2_095  50   31   11      92
RBL1_095  55   35   5       95
RBL2_095  59   30   4       93
RBL3_095  49   37   9       95
RBL4_095  58   30   6       94
RTE1_095  70   23   2       95
RTE2_095  66   27   2       95
RUL1_096  50   38   5       93

Total:    1726 955  160     2841

P-value = 0    S.E. = 0 (389323 switches)

Locus: gdh_212
=================================
Pop       Genotypes:
          ------------------------------------------------------------------------------------------------------------------------------------------------------------------------------------------------------------------------------------------------
          1    1    2    
          1    2    2      Total

FBM1_095  4    31   56      91
FBM2_095  11   34   49      94
FBM3_095  6    34   52      92
FBM4_095  5    32   54      91
FOM1_095  4    40   48      92
FTM2_095  7    42   41      90
FTM3_093  13   33   47      93
FTM4_078  13   26   34      73
FTM5_095  12   35   47      94
FTM6_095  5    36   54      95
KBL1_096  11   36   48      95
KBL2_097  9    28   57      94
KBL4_096  5    39   52      96
KBL5_096  10   34   51      95
KOL1_062  4    24   27      55
KTE1_096  6    26   53      85
KTE2_096  9    35   50      94
KTE4_066  5    21   40      66
KTE5_096  9    34   46      89
KTE6_096  8    34   50      92
KTE7_096  5    42   47      94
KTE8_096  3    31   60      94
KTE9_064  6    17   39      62
KTL1_095  3    37   41      81
KTL2_095  6    36   52      94
RBL1_095  7    38   50      95
RBL2_095  16   35   43      94
RBL3_095  4    40   49      93
RBL4_095  12   35   45      92
RTE1_095  21   46   28      95
RTE2_095  10   48   36      94
RUL1_096  18   42   34      94

Total:    267  1101 1480    2848

P-value = 0    S.E. = 0 (407491 switches)

Locus: GHII_2461
=================================
Pop       Genotypes:
          ------------------------------------------------------------------------------------------------------------------------------------------------------------------------------------------------------------------------------------------------
          1    1    2    
          1    2    2      Total

FBM1_095  0    8    84      92
FBM2_095  0    9    85      94
FBM3_095  0    1    93      94
FBM4_095  0    17   74      91
FOM1_095  0    8    85      93
FTM2_095  1    11   79      91
FTM3_093  0    6    87      93
FTM4_078  0    2    76      78
FTM5_095  0    3    91      94
FTM6_095  0    11   84      95
KBL1_096  1    15   80      96
KBL2_097  1    13   82      96
KBL4_096  0    11   85      96
KBL5_096  0    11   83      94
KOL1_062  5    7    49      61
KTE1_096  0    9    83      92
KTE2_096  1    11   81      93
KTE4_066  1    6    59      66
KTE5_096  1    13   77      91
KTE6_096  0    14   82      96
KTE7_096  1    8    86      95
KTE8_096  1    13   81      95
KTE9_064  1    14   49      64
KTL1_095  2    9    68      79
KTL2_095  1    11   82      94
RBL1_095  2    11   82      95
RBL2_095  0    12   82      94
RBL3_095  0    12   83      95
RBL4_095  0    12   83      95
RTE1_095  0    13   82      95
RTE2_095  0    11   83      94
RUL1_096  0    5    91      96

Total:    19   317  2551    2887

P-value = 0    S.E. = 0 (247694 switches)

Locus: ghsR_66
=================================
Pop       Genotypes:
          ------------------------------------------------------------------------------------------------------------------------------------------------------------------------------------------------------------------------------------------------
          1    1    2    
          1    2    2      Total

FBM1_095  49   35   8       92
FBM2_095  62   25   5       92
FBM3_095  53   36   4       93
FBM4_095  76   15   1       92
FOM1_095  65   24   2       91
FTM2_095  57   27   3       87
FTM3_093  56   33   4       93
FTM4_078  48   27   2       77
FTM5_095  53   34   6       93
FTM6_095  59   34   1       94
KBL1_096  35   44   16      95
KBL2_097  34   40   22      96
KBL4_096  29   47   18      94
KBL5_096  26   49   19      94
KOL1_062  21   25   10      56
KTE1_096  40   42   7       89
KTE2_096  55   33   5       93
KTE4_066  27   29   8       64
KTE5_096  45   36   9       90
KTE6_096  37   41   10      88
KTE7_096  42   43   10      95
KTE8_096  42   45   8       95
KTE9_064  28   30   5       63
KTL1_095  25   39   17      81
KTL2_095  33   51   10      94
RBL1_095  64   29   2       95
RBL2_095  62   29   3       94
RBL3_095  64   28   3       95
RBL4_095  69   26   0       95
RTE1_095  66   24   5       95
RTE2_095  67   26   1       94
RUL1_096  50   35   9       94

Total:    1539 1081 233     2853

P-value = 0    S.E. = 0 (403210 switches)

Locus: GPDH
=================================
Pop       Genotypes:
          ------------------------------------------------------------------------------------------------------------------------------------------------------------------------------------------------------------------------------------------------
          1    1    2    
          1    2    2      Total

FBM1_095  30   46   17      93
FBM2_095  33   43   17      93
FBM3_095  30   44   17      91
FBM4_095  15   47   23      85
FOM1_095  24   43   25      92
FTM2_095  28   42   20      90
FTM3_093  42   33   17      92
FTM4_078  16   37   19      72
FTM5_095  31   44   19      94
FTM6_095  29   37   26      92
KBL1_096  34   43   19      96
KBL2_097  31   51   13      95
KBL4_096  28   51   14      93
KBL5_096  37   42   15      94
KOL1_062  21   25   15      61
KTE1_096  38   40   9       87
KTE2_096  31   49   15      95
KTE4_066  31   26   9       66
KTE5_096  26   45   16      87
KTE6_096  27   50   12      89
KTE7_096  32   47   14      93
KTE8_096  28   52   15      95
KTE9_064  26   22   12      60
KTL1_095  32   49   14      95
KTL2_095  35   42   15      92
RBL1_095  27   47   21      95
RBL2_095  36   45   12      93
RBL3_095  26   48   21      95
RBL4_095  23   55   14      92
RTE1_095  18   48   29      95
RTE2_095  24   51   20      95
RUL1_096  27   40   21      88

Total:    916  1384 545     2845

P-value = 0.00047    S.E. = 0.000225063 (421823 switches)

Locus: GPDH2
=================================
Pop       Genotypes:
          ------------------------------------------------------------------------------------------------------------------------------------------------------------------------------------------------------------------------------------------------
          1    1    2    
          1    2    2      Total

FBM1_095  0    5    86      91
FBM2_095  1    3    90      94
FBM3_095  0    6    88      94
FBM4_095  0    10   73      83
FOM1_095  0    4    89      93
FTM2_095  0    10   79      89
FTM3_093  0    6    84      90
FTM4_078  0    7    64      71
FTM5_095  1    1    92      94
FTM6_095  0    3    90      93
KBL1_096  1    13   82      96
KBL2_097  1    13   80      94
KBL4_096  1    7    83      91
KBL5_096  0    12   83      95
KOL1_062  0    12   47      59
KTE1_096  0    7    80      87
KTE2_096  0    4    90      94
KTE4_066  0    0    63      63
KTE5_096  0    4    85      89
KTE6_096  0    7    85      92
KTE7_096  0    6    85      91
KTE8_096  0    6    85      91
KTE9_064  1    5    56      62
KTL1_095  0    15   80      95
KTL2_095  0    8    85      93
RBL1_095  0    6    89      95
RBL2_095  0    8    87      95
RBL3_095  1    4    89      94
RBL4_095  0    7    85      92
RTE1_095  0    2    93      95
RTE2_095  0    5    90      95
RUL1_096  3    1    88      92

Total:    10   207  2625    2842

P-value = 0.000598    S.E. = 0.000396026 (199027 switches)

Locus: GPH_414
=================================
Pop       Genotypes:
          ------------------------------------------------------------------------------------------------------------------------------------------------------------------------------------------------------------------------------------------------
          1    1    2    
          1    2    2      Total

FBM1_095  24   51   10      85
FBM2_095  22   53   15      90
FBM3_095  34   43   14      91
FBM4_095  18   44   25      87
FOM1_095  30   36   23      89
FTM2_095  28   46   16      90
FTM3_093  25   49   19      93
FTM4_078  21   39   12      72
FTM5_095  25   46   24      95
FTM6_095  27   39   29      95
KBL1_096  42   40   13      95
KBL2_097  44   38   11      93
KBL4_096  50   37   8       95
KBL5_096  46   37   11      94
KOL1_062  23   31   3       57
KTE1_096  36   36   16      88
KTE2_096  31   40   20      91
KTE4_066  23   32   10      65
KTE5_096  36   43   12      91
KTE6_096  25   47   21      93
KTE7_096  36   38   16      90
KTE8_096  40   38   16      94
KTE9_064  16   32   12      60
KTL1_095  28   32   6       66
KTL2_095  44   39   11      94
RBL1_095  30   53   12      95
RBL2_095  37   40   17      94
RBL3_095  35   46   13      94
RBL4_095  35   46   11      92
RTE1_095  21   42   32      95
RTE2_095  12   46   36      94
RUL1_096  22   36   36      94

Total:    966  1315 530     2811

P-value = 0    S.E. = 0 (420725 switches)

Locus: hcs71_220
=================================
Pop       Genotypes:
          ------------------------------------------------------------------------------------------------------------------------------------------------------------------------------------------------------------------------------------------------
          1    1    2    
          1    2    2      Total

FBM1_095  2    4    85      91
FBM2_095  0    16   78      94
FBM3_095  0    7    81      88
FBM4_095  1    8    75      84
FOM1_095  0    16   75      91
FTM2_095  0    9    79      88
FTM3_093  0    5    87      92
FTM4_078  0    3    74      77
FTM5_095  1    14   79      94
FTM6_095  1    14   80      95
KBL1_096  0    9    86      95
KBL2_097  0    11   83      94
KBL4_096  0    8    88      96
KBL5_096  2    15   77      94
KOL1_062  0    6    49      55
KTE1_096  1    13   78      92
KTE2_096  1    14   79      94
KTE4_066  1    11   54      66
KTE5_096  1    14   79      94
KTE6_096  1    15   78      94
KTE7_096  0    11   81      92
KTE8_096  0    20   74      94
KTE9_064  1    5    55      61
KTL1_095  0    11   84      95
KTL2_095  2    6    85      93
RBL1_095  0    8    87      95
RBL2_095  2    16   77      95
RBL3_095  1    7    86      94
RBL4_095  0    10   84      94
RTE1_095  0    2    92      94
RTE2_095  0    8    86      94
RUL1_096  4    34   56      94

Total:    22   350  2491    2863

P-value = 0    S.E. = 0 (260489 switches)

Locus: HGFA
=================================
Pop       Genotypes:
          ------------------------------------------------------------------------------------------------------------------------------------------------------------------------------------------------------------------------------------------------
          1    1    2    
          1    2    2      Total

FBM1_095  41   38   9       88
FBM2_095  37   45   10      92
FBM3_095  44   29   17      90
FBM4_095  42   32   10      84
FOM1_095  59   25   7       91
FTM2_095  39   40   9       88
FTM3_093  44   35   14      93
FTM4_078  42   27   9       78
FTM5_095  48   38   8       94
FTM6_095  40   49   6       95
KBL1_096  73   19   3       95
KBL2_097  54   37   5       96
KBL4_096  67   28   1       96
KBL5_096  63   26   4       93
KOL1_062  45   16   1       62
KTE1_096  59   28   0       87
KTE2_096  69   19   1       89
KTE4_066  38   25   3       66
KTE5_096  65   25   4       94
KTE6_096  64   24   3       91
KTE7_096  60   25   5       90
KTE8_096  66   24   4       94
KTE9_064  45   15   2       62
KTL1_095  61   30   4       95
KTL2_095  63   28   2       93
RBL1_095  37   44   14      95
RBL2_095  44   41   7       92
RBL3_095  47   38   10      95
RBL4_095  44   33   15      92
RTE1_095  35   38   21      94
RTE2_095  43   44   6       93
RUL1_096  73   20   2       95

Total:    1651 985  216     2852

P-value = 0    S.E. = 0 (401096 switches)

Locus: HpaI_436
=================================
Pop       Genotypes:
          ------------------------------------------------------------------------------------------------------------------------------------------------------------------------------------------------------------------------------------------------
          1    1    2    
          1    2    2      Total

FBM1_095  47   29   11      87
FBM2_095  41   38   13      92
FBM3_095  49   33   8       90
FBM4_095  31   49   8       88
FOM1_095  41   46   4       91
FTM2_095  38   41   10      89
FTM3_093  46   35   11      92
FTM4_078  27   36   13      76
FTM5_095  46   39   9       94
FTM6_095  47   33   8       88
KBL1_096  42   46   6       94
KBL2_097  56   35   4       95
KBL4_096  48   46   0       94
KBL5_096  46   34   12      92
KOL1_062  19   30   7       56
KTE1_096  48   30   8       86
KTE2_096  42   41   7       90
KTE4_066  36   22   6       64
KTE5_096  44   37   10      91
KTE6_096  39   41   10      90
KTE7_096  38   49   7       94
KTE8_096  34   49   11      94
KTE9_064  32   26   5       63
KTL1_095  32   39   3       74
KTL2_095  43   45   4       92
RBL1_095  41   45   9       95
RBL2_095  50   39   4       93
RBL3_095  38   49   8       95
RBL4_095  52   39   4       95
RTE1_095  39   47   8       94
RTE2_095  41   43   9       93
RUL1_096  54   35   2       91

Total:    1327 1246 239     2812

P-value = 0.002586    S.E. = 0.000845276 (404514 switches)

Locus: HpaI_99
=================================
Pop       Genotypes:
          ------------------------------------------------------------------------------------------------------------------------------------------------------------------------------------------------------------------------------------------------
          1    1    2    
          1    2    2      Total

FBM1_095  23   45   24      92
FBM2_095  21   44   25      90
FBM3_095  18   44   29      91
FBM4_095  21   41   19      81
FOM1_095  29   39   20      88
FTM2_095  24   45   21      90
FTM3_093  22   44   26      92
FTM4_078  18   36   20      74
FTM5_095  24   42   27      93
FTM6_095  22   48   24      94
KBL1_096  21   45   28      94
KBL2_097  14   47   35      96
KBL4_096  18   39   38      95
KBL5_096  14   49   31      94
KOL1_062  15   23   19      57
KTE1_096  20   51   16      87
KTE2_096  31   39   23      93
KTE4_066  16   31   18      65
KTE5_096  27   43   19      89
KTE6_096  35   39   19      93
KTE7_096  32   42   19      93
KTE8_096  18   55   21      94
KTE9_064  9    31   17      57
KTL1_095  21   41   33      95
KTL2_095  20   41   33      94
RBL1_095  15   38   42      95
RBL2_095  18   55   20      93
RBL3_095  15   46   34      95
RBL4_095  29   46   17      92
RTE1_095  18   47   28      93
RTE2_095  13   53   27      93
RUL1_096  93   2    0       95

Total:    734  1331 772     2837

P-value = 0    S.E. = 0 (424301 switches)

Locus: Hsp47
=================================
Pop       Genotypes:
          ------------------------------------------------------------------------------------------------------------------------------------------------------------------------------------------------------------------------------------------------
          1    1    2    
          1    2    2      Total

FBM1_095  8    33   52      93
FBM2_095  3    32   58      93
FBM3_095  7    36   50      93
FBM4_095  7    39   43      89
FOM1_095  7    35   47      89
FTM2_095  10   28   53      91
FTM3_093  5    33   52      90
FTM4_078  3    27   44      74
FTM5_095  5    39   50      94
FTM6_095  8    32   54      94
KBL1_096  4    33   59      96
KBL2_097  4    31   60      95
KBL4_096  7    29   60      96
KBL5_096  7    32   55      94
KOL1_062  2    26   28      56
KTE1_096  6    22   58      86
KTE2_096  2    34   60      96
KTE4_066  4    20   41      65
KTE5_096  8    40   48      96
KTE6_096  3    40   44      87
KTE7_096  5    41   50      96
KTE8_096  6    42   47      95
KTE9_064  1    18   39      58
KTL1_095  4    28   48      80
KTL2_095  7    36   51      94
RBL1_095  6    28   61      95
RBL2_095  4    33   58      95
RBL3_095  3    24   68      95
RBL4_095  7    35   52      94
RTE1_095  13   37   45      95
RTE2_095  8    42   45      95
RUL1_096  2    28   66      96

Total:    176  1033 1646    2855

P-value = 0.009814    S.E. = 0.00253822 (393229 switches)

Locus: IL8r_362
=================================
Pop       Genotypes:
          ------------------------------------------------------------------------------------------------------------------------------------------------------------------------------------------------------------------------------------------------
          1    1    2    
          1    2    2      Total

FBM1_095  92   3    0       95
FBM2_095  85   8    0       93
FBM3_095  91   3    0       94
FBM4_095  88   2    0       90
FOM1_095  88   4    0       92
FTM2_095  83   5    1       89
FTM3_093  86   7    0       93
FTM4_078  68   9    0       77
FTM5_095  81   13   0       94
FTM6_095  92   3    0       95
KBL1_096  86   10   0       96
KBL2_097  89   6    1       96
KBL4_096  83   10   3       96
KBL5_096  79   15   0       94
KOL1_062  53   8    0       61
KTE1_096  84   6    0       90
KTE2_096  89   5    0       94
KTE4_066  58   8    0       66
KTE5_096  85   9    0       94
KTE6_096  76   18   0       94
KTE7_096  76   17   2       95
KTE8_096  82   12   1       95
KTE9_064  58   5    1       64
KTL1_095  84   11   0       95
KTL2_095  78   16   0       94
RBL1_095  81   13   1       95
RBL2_095  72   22   1       95
RBL3_095  81   14   0       95
RBL4_095  77   14   3       94
RTE1_095  90   5    0       95
RTE2_095  92   3    0       95
RUL1_096  86   7    1       94

Total:    2593 291  15      2899

P-value = 0    S.E. = 0 (231410 switches)

Locus: KCT1_453
=================================
Pop       Genotypes:
          ------------------------------------------------------------------------------------------------------------------------------------------------------------------------------------------------------------------------------------------------
          1    1    2    
          1    2    2      Total

FBM1_095  1    13   80      94
FBM2_095  2    14   78      94
FBM3_095  1    17   75      93
FBM4_095  1    15   78      94
FOM1_095  1    12   78      91
FTM2_095  0    11   78      89
FTM3_093  0    9    84      93
FTM4_078  2    12   63      77
FTM5_095  0    11   82      93
FTM6_095  1    17   77      95
KBL1_096  1    5    90      96
KBL2_097  0    10   86      96
KBL4_096  0    7    89      96
KBL5_096  0    7    88      95
KOL1_062  7    11   42      60
KTE1_096  0    7    81      88
KTE2_096  1    10   81      92
KTE4_066  0    7    59      66
KTE5_096  0    8    82      90
KTE6_096  0    15   80      95
KTE7_096  0    7    88      95
KTE8_096  0    6    87      93
KTE9_064  0    9    55      64
KTL1_095  0    7    73      80
KTL2_095  0    12   82      94
RBL1_095  1    11   83      95
RBL2_095  0    18   77      95
RBL3_095  1    21   73      95
RBL4_095  0    19   76      95
RTE1_095  0    11   82      93
RTE2_095  2    14   78      94
RUL1_096  3    21   69      93

Total:    25   374  2474    2873

P-value = 6e-006    S.E. = 6e-006 (270737 switches)

Locus: KPNA_422
=================================
Pop       Genotypes:
          ------------------------------------------------------------------------------------------------------------------------------------------------------------------------------------------------------------------------------------------------
          1    1    2    
          1    2    2      Total

FBM1_095  66   22   2       90
FBM2_095  62   27   4       93
FBM3_095  76   15   1       92
FBM4_095  66   17   1       84
FOM1_095  69   21   0       90
FTM2_095  70   17   3       90
FTM3_093  66   24   2       92
FTM4_078  50   24   3       77
FTM5_095  71   22   2       95
FTM6_095  73   22   0       95
KBL1_096  46   43   6       95
KBL2_097  53   33   8       94
KBL4_096  45   42   9       96
KBL5_096  56   34   5       95
KOL1_062  34   21   5       60
KTE1_096  52   34   5       91
KTE2_096  59   26   7       92
KTE4_066  34   29   3       66
KTE5_096  53   32   4       89
KTE6_096  59   32   4       95
KTE7_096  59   28   6       93
KTE8_096  57   32   5       94
KTE9_064  33   25   2       60
KTL1_095  36   37   2       75
KTL2_095  57   33   4       94
RBL1_095  76   16   3       95
RBL2_095  70   21   2       93
RBL3_095  70   20   4       94
RBL4_095  70   22   2       94
RTE1_095  68   23   4       95
RTE2_095  75   18   2       95
RUL1_096  37   45   14      96

Total:    1868 857  124     2849

P-value = 0    S.E. = 0 (378451 switches)

Locus: LEI_87
=================================
Pop       Genotypes:
          ------------------------------------------------------------------------------------------------------------------------------------------------------------------------------------------------------------------------------------------------
          1    1    2    
          1    2    2      Total

FBM1_095  69   18   1       88
FBM2_095  67   21   6       94
FBM3_095  67   21   1       89
FBM4_095  56   28   0       84
FOM1_095  61   30   0       91
FTM2_095  62   24   2       88
FTM3_093  63   25   4       92
FTM4_078  49   28   1       78
FTM5_095  64   26   4       94
FTM6_095  78   17   0       95
KBL1_096  68   22   4       94
KBL2_097  66   26   4       96
KBL4_096  61   33   2       96
KBL5_096  58   30   5       93
KOL1_062  38   16   8       62
KTE1_096  48   33   5       86
KTE2_096  50   35   3       88
KTE4_066  41   23   1       65
KTE5_096  54   34   4       92
KTE6_096  58   28   7       93
KTE7_096  58   26   8       92
KTE8_096  59   29   4       92
KTE9_064  38   21   4       63
KTL1_095  56   35   4       95
KTL2_095  54   31   6       91
RBL1_095  56   37   0       93
RBL2_095  58   31   3       92
RBL3_095  68   24   3       95
RBL4_095  61   31   1       93
RTE1_095  65   27   3       95
RTE2_095  60   30   3       93
RUL1_096  25   42   24      91

Total:    1836 882  125     2843

P-value = 0    S.E. = 0 (379024 switches)

Locus: lpp1_44
=================================
Pop       Genotypes:
          ------------------------------------------------------------------------------------------------------------------------------------------------------------------------------------------------------------------------------------------------
          1    1    2    
          1    2    2      Total

FBM1_095  14   43   34      91
FBM2_095  12   38   40      90
FBM3_095  10   46   33      89
FBM4_095  15   37   38      90
FOM1_095  9    53   29      91
FTM2_095  13   43   33      89
FTM3_093  12   51   30      93
FTM4_078  12   41   25      78
FTM5_095  11   47   36      94
FTM6_095  12   50   33      95
KBL1_096  23   39   33      95
KBL2_097  18   41   36      95
KBL4_096  13   50   33      96
KBL5_096  20   39   36      95
KOL1_062  16   25   15      56
KTE1_096  16   43   29      88
KTE2_096  15   37   38      90
KTE4_066  17   25   23      65
KTE5_096  14   36   41      91
KTE6_096  9    44   40      93
KTE7_096  14   42   36      92
KTE8_096  15   38   41      94
KTE9_064  9    30   23      62
KTL1_095  12   43   25      80
KTL2_095  16   48   29      93
RBL1_095  16   49   30      95
RBL2_095  17   41   36      94
RBL3_095  15   47   33      95
RBL4_095  24   33   38      95
RTE1_095  17   48   30      95
RTE2_095  18   49   21      88
RUL1_096  63   27   3       93

Total:    517  1323 1000    2840

P-value = 0    S.E. = 0 (421926 switches)

Locus: MHC2_190
=================================
Pop       Genotypes:
          ------------------------------------------------------------------------------------------------------------------------------------------------------------------------------------------------------------------------------------------------
          1    1    2    
          1    2    2      Total

FBM1_095  48   28   12      88
FBM2_095  40   41   12      93
FBM3_095  28   42   18      88
FBM4_095  31   38   14      83
FOM1_095  35   43   8       86
FTM2_095  44   34   12      90
FTM3_093  34   42   12      88
FTM4_078  34   29   14      77
FTM5_095  42   34   16      92
FTM6_095  30   47   17      94
KBL1_096  41   36   16      93
KBL2_097  26   51   12      89
KBL4_096  35   43   10      88
KBL5_096  25   56   12      93
KOL1_062  34   17   2       53
KTE1_096  24   47   14      85
KTE2_096  18   35   31      84
KTE4_066  16   19   23      58
KTE5_096  26   30   28      84
KTE6_096  12   45   25      82
KTE7_096  22   46   22      90
KTE8_096  19   41   31      91
KTE9_064  7    30   20      57
KTL1_095  27   23   7       57
KTL2_095  38   43   9       90
RBL1_095  45   42   8       95
RBL2_095  53   36   5       94
RBL3_095  51   38   5       94
RBL4_095  47   38   5       90
RTE1_095  33   40   20      93
RTE2_095  31   39   25      95
RUL1_096  72   22   0       94

Total:    1068 1195 465     2728

P-value = 0    S.E. = 0 (419271 switches)

Locus: MHC2_251
=================================
Pop       Genotypes:
